#
# Sat ID  	Host ID   	Sat PID   	Sat UpID  
#
15349016  	15362565  	-1        	-1        
15347824  	15362565  	-1        	-1        
15349035  	15362565  	-1        	-1        
15362577  	15362565  	-1        	-1        
15349015  	15362565  	-1        	-1        
15345712  	15362565  	-1        	-1        
15435025  	15362565  	-1        	-1        
15362620  	15362565  	-1        	-1        
15349039  	15362565  	-1        	-1        
15403832  	15362565  	-1        	-1        
15362615  	15362565  	-1        	-1        
15403834  	15362565  	-1        	-1        
15435104  	15362565  	-1        	-1        
15349040  	15362565  	-1        	-1        
15347875  	15362565  	-1        	-1        
15349042  	15362565  	-1        	-1        
15403829  	15362565  	-1        	-1        
15349037  	15362565  	-1        	-1        
15349012  	15362565  	-1        	-1        
15403863  	15362565  	-1        	-1        
15349013  	15362565  	-1        	-1        
20468264  	20468416  	-1        	-1        
20479975  	20468416  	-1        	-1        
20468428  	20468416  	-1        	-1        
20480232  	20468416  	-1        	-1        
20424891  	20468416  	-1        	-1        
20424897  	20468416  	-1        	-1        
20424989  	20468416  	-1        	-1        
20480304  	20468416  	-1        	-1        
20480233  	20468416  	-1        	-1        
20468056  	20468416  	-1        	-1        
20480182  	20468416  	-1        	-1        
20480303  	20468416  	-1        	-1        
20468252  	20468416  	-1        	-1        
20439513  	20439477  	-1        	-1        
20439565  	20439477  	-1        	-1        
20444501  	20439477  	-1        	-1        
20441237  	20439477  	-1        	-1        
20439495  	20439477  	-1        	-1        
20444046  	20439477  	-1        	-1        
12969494  	12969806  	-1        	-1        
12969785  	12969806  	-1        	-1        
13017273  	12969806  	-1        	-1        
13017292  	12969806  	-1        	-1        
12969522  	12969806  	-1        	-1        
12969812  	12969806  	-1        	-1        
12969834  	12969806  	-1        	-1        
13064190  	12970629  	-1        	-1        
12970633  	12970629  	-1        	-1        
13064178  	12970629  	-1        	-1        
12970584  	12970629  	-1        	-1        
12970630  	12970629  	-1        	-1        
12970558  	12970629  	-1        	-1        
13064185  	12970629  	-1        	-1        
13064176  	12970629  	-1        	-1        
13064486  	12970629  	-1        	-1        
12970608  	12970629  	-1        	-1        
24745256  	24703280  	24745282  	24745282  
24703111  	24703280  	-1        	-1        
24906015  	24703280  	-1        	-1        
24745199  	24703280  	24745282  	24745282  
24745097  	24703280  	-1        	-1        
24906524  	24703280  	-1        	-1        
24928448  	24703280  	-1        	-1        
24745254  	24703280  	24745256  	24745282  
24702763  	24703280  	24706808  	24706808  
24703708  	24703280  	-1        	-1        
24745268  	24703280  	24745282  	24745282  
24745161  	24703280  	24745282  	24745282  
24703233  	24703280  	-1        	-1        
24703082  	24703280  	24706808  	24706808  
24698273  	24703280  	-1        	-1        
24744977  	24703280  	-1        	-1        
24745234  	24703280  	24745282  	24745282  
24702770  	24703280  	-1        	-1        
24705490  	24703280  	24706808  	24706808  
24702732  	24703280  	24706808  	24706808  
24700682  	24703280  	24706808  	24706808  
24904152  	24703280  	-1        	-1        
24703310  	24703280  	-1        	-1        
24703014  	24703280  	-1        	-1        
24702791  	24703280  	-1        	-1        
24745163  	24703280  	-1        	-1        
24928434  	24703280  	-1        	-1        
24698137  	24703280  	-1        	-1        
24745251  	24703280  	24745282  	24745282  
24745248  	24703280  	24745282  	24745282  
24702971  	24703280  	-1        	-1        
24745207  	24703280  	24745199  	24745282  
24745177  	24703280  	24745282  	24745282  
24745134  	24703280  	-1        	-1        
24904544  	24703280  	-1        	-1        
24703249  	24703280  	-1        	-1        
24703016  	24703280  	-1        	-1        
24702913  	24703280  	-1        	-1        
24745060  	24703280  	24745199  	24745282  
24703681  	24703280  	-1        	-1        
24698002  	24703280  	24706808  	24706808  
24745279  	24703280  	24745282  	24745282  
13908904  	13886889  	-1        	-1        
13886929  	13886889  	-1        	-1        
13999056  	13886889  	-1        	-1        
13999069  	13886889  	-1        	-1        
13907549  	13886889  	-1        	-1        
13886930  	13886889  	-1        	-1        
13907551  	13886889  	-1        	-1        
13908141  	13886889  	-1        	-1        
13886689  	13886889  	-1        	-1        
13999054  	13886889  	-1        	-1        
13907540  	13886889  	-1        	-1        
13908136  	13886889  	-1        	-1        
13886874  	13886889  	-1        	-1        
13921610  	13886889  	-1        	-1        
13886715  	13886889  	-1        	-1        
13886789  	13886889  	-1        	-1        
13886933  	13886889  	-1        	-1        
13886919  	13886889  	-1        	-1        
13886631  	13886889  	-1        	-1        
13875680  	13888072  	-1        	-1        
13875232  	13888072  	-1        	-1        
13922561  	13888072  	-1        	-1        
13875664  	13888072  	-1        	-1        
13919541  	13888072  	-1        	-1        
13887994  	13888072  	-1        	-1        
13875713  	13888072  	-1        	-1        
13888062  	13888072  	-1        	-1        
13923700  	13888072  	-1        	-1        
13887903  	13888072  	-1        	-1        
13875701  	13888072  	-1        	-1        
13923960  	13888072  	-1        	-1        
13875598  	13888072  	-1        	-1        
13923915  	13888072  	-1        	-1        
13923916  	13888072  	-1        	-1        
13876491  	13888072  	13875680  	13875680  
13923922  	13888072  	-1        	-1        
13874999  	13888072  	-1        	-1        
13875967  	13888072  	-1        	-1        
13875679  	13888072  	13875680  	13875680  
13874551  	13888072  	-1        	-1        
13875966  	13888072  	-1        	-1        
13887874  	13888072  	-1        	-1        
13875652  	13888072  	13875680  	13875863  
13875672  	13888072  	13875680  	13875680  
13875190  	13888072  	-1        	-1        
13875003  	13888072  	13875680  	13875680  
9380247   	9380170   	-1        	-1        
9380259   	9380170   	-1        	-1        
9380333   	9380170   	-1        	-1        
9411962   	9380170   	-1        	-1        
9412621   	9380170   	-1        	-1        
9412646   	9380170   	-1        	-1        
9412719   	9380170   	-1        	-1        
9471030   	9380170   	-1        	-1        
16845820  	16845962  	-1        	-1        
16845827  	16845962  	-1        	-1        
16845831  	16845962  	-1        	-1        
16846025  	16845962  	-1        	-1        
16943052  	16845962  	-1        	-1        
16943174  	16845962  	-1        	-1        
16943175  	16845962  	-1        	-1        
16943209  	16845962  	-1        	-1        
16943234  	16845962  	-1        	-1        
16943248  	16845962  	-1        	-1        
16943256  	16845962  	-1        	-1        
16943261  	16845962  	-1        	-1        
16943294  	16845962  	-1        	-1        
16944381  	16845962  	-1        	-1        
16944408  	16845962  	-1        	-1        
16944492  	16845962  	-1        	-1        
10060776  	10065172  	-1        	-1        
10060800  	10065172  	10069164  	10069164  
10060937  	10065172  	10069164  	10069164  
10060977  	10065172  	10069164  	10069164  
10061002  	10065172  	10069164  	10069164  
10061113  	10065172  	10069164  	10069164  
10061135  	10065172  	10069164  	10069164  
10061142  	10065172  	10069164  	10069164  
10061152  	10065172  	10069164  	10069164  
10061167  	10065172  	10069164  	10069164  
10061170  	10065172  	10069164  	10069164  
10061218  	10065172  	10069164  	10069164  
10061219  	10065172  	10069164  	10069164  
10061221  	10065172  	10069164  	10069164  
10061348  	10065172  	10069164  	10069164  
10061349  	10065172  	10069164  	10069164  
10061358  	10065172  	10069164  	10069164  
10061368  	10065172  	10069164  	10069164  
10061652  	10065172  	-1        	-1        
10061683  	10065172  	10069164  	10069164  
10062056  	10065172  	10069164  	10069164  
10062067  	10065172  	10069164  	10069164  
10062140  	10065172  	10069164  	10069164  
10062244  	10065172  	10069164  	10069164  
10062292  	10065172  	10069164  	10069164  
10062304  	10065172  	10069164  	10069164  
10062307  	10065172  	10069164  	10069164  
10062318  	10065172  	10062319  	10069164  
10062319  	10065172  	10069164  	10069164  
10062321  	10065172  	10065570  	10069164  
10062362  	10065172  	10069164  	10069164  
10062383  	10065172  	10069164  	10069164  
10062482  	10065172  	10069164  	10069164  
10062491  	10065172  	10069164  	10069164  
10062551  	10065172  	10069164  	10069164  
10062552  	10065172  	10069164  	10069164  
10062553  	10065172  	10069164  	10069164  
10062555  	10065172  	10069164  	10069164  
10062572  	10065172  	10069164  	10069164  
10062574  	10065172  	10069164  	10069164  
10062593  	10065172  	10069164  	10069164  
10062614  	10065172  	10069164  	10069164  
10062627  	10065172  	10069164  	10069164  
10062632  	10065172  	10069164  	10069164  
10062657  	10065172  	10069164  	10069164  
10062791  	10065172  	10069164  	10069164  
10062809  	10065172  	10069164  	10069164  
10062873  	10065172  	10069164  	10069164  
10062895  	10065172  	10069164  	10069164  
10062918  	10065172  	10069164  	10069164  
10062998  	10065172  	10069164  	10069164  
10063043  	10065172  	10069164  	10069164  
10063083  	10065172  	10069164  	10069164  
10063085  	10065172  	10069164  	10069164  
10063161  	10065172  	10069164  	10069164  
10063240  	10065172  	10069164  	10069164  
10063339  	10065172  	10069164  	10069164  
10063342  	10065172  	10069164  	10069164  
10063353  	10065172  	10069164  	10069164  
10063354  	10065172  	10069164  	10069164  
10063356  	10065172  	10069164  	10069164  
10063359  	10065172  	10069164  	10069164  
10063360  	10065172  	10069164  	10069164  
10063365  	10065172  	-1        	-1        
10063481  	10065172  	10069164  	10069164  
10063490  	10065172  	10069164  	10069164  
10063495  	10065172  	10069164  	10069164  
10063519  	10065172  	10069164  	10069164  
10063573  	10065172  	10069164  	10069164  
10063576  	10065172  	10063784  	10069164  
10063580  	10065172  	10069164  	10069164  
10063593  	10065172  	10069164  	10069164  
10063708  	10065172  	10069164  	10069164  
10063713  	10065172  	10069164  	10069164  
10063844  	10065172  	10069164  	10069164  
10063947  	10065172  	10069164  	10069164  
10063954  	10065172  	10069164  	10069164  
10063980  	10065172  	10069164  	10069164  
10064065  	10065172  	10069164  	10069164  
10064085  	10065172  	10069164  	10069164  
10064151  	10065172  	10069164  	10069164  
10064155  	10065172  	10069164  	10069164  
10064197  	10065172  	10069164  	10069164  
10064214  	10065172  	10069164  	10069164  
10064321  	10065172  	10069164  	10069164  
10064329  	10065172  	10069164  	10069164  
10064355  	10065172  	10069164  	10069164  
10064375  	10065172  	10064617  	10069164  
10064384  	10065172  	10069164  	10069164  
10064387  	10065172  	10069164  	10069164  
10064472  	10065172  	10069164  	10069164  
10064617  	10065172  	10069164  	10069164  
10064684  	10065172  	10069164  	10069164  
10064843  	10065172  	10069164  	10069164  
10064846  	10065172  	10069164  	10069164  
10064855  	10065172  	10069164  	10069164  
10064861  	10065172  	10069164  	10069164  
10064865  	10065172  	10069164  	10069164  
10064871  	10065172  	10069164  	10069164  
10064892  	10065172  	10069164  	10069164  
10065061  	10065172  	10069164  	10069164  
10065119  	10065172  	-1        	-1        
10065218  	10065172  	-1        	-1        
10065261  	10065172  	10069164  	10069164  
10065563  	10065172  	10069164  	10069164  
10065567  	10065172  	10069164  	10069164  
10065572  	10065172  	10069164  	10069164  
10065574  	10065172  	10069164  	10069164  
10065575  	10065172  	10069164  	10069164  
10066174  	10065172  	10069164  	10069164  
10066235  	10065172  	10069164  	10069164  
10066236  	10065172  	10069164  	10069164  
10066551  	10065172  	10069164  	10069164  
10067246  	10065172  	10069164  	10069164  
10067389  	10065172  	10069164  	10069164  
10067969  	10065172  	10069164  	10069164  
10067985  	10065172  	10069164  	10069164  
10067991  	10065172  	10069164  	10069164  
10068353  	10065172  	10069164  	10069164  
10068557  	10065172  	10069164  	10069164  
10068564  	10065172  	10069164  	10069164  
10068799  	10065172  	10069164  	10069164  
10068983  	10065172  	10069164  	10069164  
10068988  	10065172  	10069164  	10069164  
10069034  	10065172  	10069164  	10069164  
10069068  	10065172  	10069164  	10069164  
10069107  	10065172  	10069164  	10069164  
10069109  	10065172  	10069034  	10069164  
10069110  	10065172  	10069164  	10069164  
10069111  	10065172  	10069164  	10069164  
10069118  	10065172  	10069164  	10069164  
10069121  	10065172  	10069164  	10069164  
10069409  	10065172  	-1        	-1        
10069468  	10065172  	-1        	-1        
10133810  	10065172  	-1        	-1        
10133812  	10065172  	-1        	-1        
10134006  	10065172  	-1        	-1        
17479523  	17475198  	-1        	-1        
17475264  	17475198  	-1        	-1        
17475789  	17475198  	-1        	-1        
17475256  	17475198  	-1        	-1        
17475073  	17475198  	-1        	-1        
17475776  	17475198  	-1        	-1        
17475142  	17475198  	-1        	-1        
17477977  	17475198  	-1        	-1        
17475137  	17475198  	-1        	-1        
17475773  	17475198  	-1        	-1        
17477999  	17475198  	-1        	-1        
17477998  	17475198  	-1        	-1        
17475390  	17475198  	-1        	-1        
7725765   	7733524   	-1        	-1        
7723498   	7733524   	7726829   	7726829   
7733517   	7733524   	-1        	-1        
7725364   	7733524   	7726829   	7726829   
7726344   	7733524   	-1        	-1        
7796526   	7733524   	-1        	-1        
7797583   	7733524   	-1        	-1        
7733397   	7733524   	-1        	-1        
7733518   	7733524   	7733517   	7733517   
7733389   	7733524   	-1        	-1        
7723115   	7733524   	7726829   	7726829   
7733309   	7733524   	-1        	-1        
7733437   	7733524   	-1        	-1        
7733499   	7733524   	-1        	-1        
7796527   	7733524   	-1        	-1        
7733548   	7733524   	-1        	-1        
7724019   	7733524   	7723498   	7726829   
7753588   	7733524   	-1        	-1        
7733509   	7733524   	-1        	-1        
7722663   	7733524   	7726829   	7726829   
7797599   	7733524   	-1        	-1        
7726342   	7733524   	-1        	-1        
7733420   	7733524   	7733517   	7733517   
7796772   	7733524   	-1        	-1        
7733427   	7733524   	-1        	-1        
7797499   	7733524   	-1        	-1        
7726514   	7733524   	7726829   	7726829   
7796828   	7733524   	-1        	-1        
7724198   	7733524   	-1        	-1        
7725372   	7733524   	-1        	-1        
7723855   	7733524   	7726829   	7726829   
7725999   	7733524   	7725364   	7726829   
7723851   	7733524   	7726829   	7726829   
7723497   	7733524   	7723498   	7726829   
7733406   	7733524   	-1        	-1        
7725373   	7733524   	7726829   	7726829   
7733312   	7733524   	-1        	-1        
12769751  	12776558  	12769635  	12769635  
12773334  	12776558  	-1        	-1        
12776083  	12776558  	-1        	-1        
12776173  	12776558  	-1        	-1        
12776214  	12776558  	-1        	-1        
12776282  	12776558  	-1        	-1        
12776313  	12776558  	-1        	-1        
12776543  	12776558  	12769635  	12769635  
12776582  	12776558  	-1        	-1        
12776647  	12776558  	-1        	-1        
12776672  	12776558  	12769635  	12769635  
12776673  	12776558  	12769635  	12769635  
12776864  	12776558  	12769635  	12769635  
12776870  	12776558  	12769635  	12769635  
12777070  	12776558  	-1        	-1        
12777114  	12776558  	12769635  	12769635  
12778456  	12776558  	-1        	-1        
12778470  	12776558  	-1        	-1        
12778547  	12776558  	-1        	-1        
12778551  	12776558  	-1        	-1        
12778589  	12776558  	-1        	-1        
12778643  	12776558  	-1        	-1        
12778644  	12776558  	-1        	-1        
12778648  	12776558  	-1        	-1        
12778654  	12776558  	-1        	-1        
12818066  	12776558  	-1        	-1        
12818069  	12776558  	-1        	-1        
12819998  	12776558  	-1        	-1        
12787701  	12787799  	-1        	-1        
12787719  	12787799  	-1        	-1        
12787748  	12787799  	-1        	-1        
12858720  	12787799  	-1        	-1        
12859101  	12787799  	-1        	-1        
12859103  	12787799  	-1        	-1        
12859110  	12787799  	-1        	-1        
12790331  	12790590  	-1        	-1        
12790348  	12790590  	-1        	-1        
12790358  	12790590  	-1        	-1        
12790551  	12790590  	-1        	-1        
12814647  	12790590  	-1        	-1        
12815606  	12790590  	-1        	-1        
12815666  	12790590  	-1        	-1        
12815940  	12790590  	-1        	-1        
12791440  	12791807  	-1        	-1        
12791454  	12791807  	-1        	-1        
12791476  	12791807  	12791514  	12791514  
12791514  	12791807  	-1        	-1        
12791550  	12791807  	-1        	-1        
12791555  	12791807  	-1        	-1        
12791568  	12791807  	-1        	-1        
12791580  	12791807  	-1        	-1        
12791607  	12791807  	-1        	-1        
12791612  	12791807  	-1        	-1        
12791618  	12791807  	-1        	-1        
12791686  	12791807  	-1        	-1        
12791759  	12791807  	-1        	-1        
12791799  	12791807  	-1        	-1        
12854927  	12791807  	-1        	-1        
12854976  	12791807  	12855002  	12855002  
12854990  	12791807  	-1        	-1        
20831403  	20836695  	-1        	-1        
20831817  	20836695  	-1        	-1        
20831818  	20836695  	-1        	-1        
20833009  	20836695  	-1        	-1        
20833057  	20836695  	20833397  	20833397  
20833139  	20836695  	-1        	-1        
20833150  	20836695  	20831818  	20831818  
20833719  	20836695  	-1        	-1        
20834008  	20836695  	-1        	-1        
20834426  	20836695  	-1        	-1        
20834764  	20836695  	-1        	-1        
20835261  	20836695  	20833397  	20833397  
20835339  	20836695  	-1        	-1        
20835523  	20836695  	-1        	-1        
20835592  	20836695  	-1        	-1        
20835821  	20836695  	-1        	-1        
20835915  	20836695  	20833397  	20833397  
20836085  	20836695  	-1        	-1        
20836091  	20836695  	-1        	-1        
20836361  	20836695  	-1        	-1        
20836363  	20836695  	-1        	-1        
20836369  	20836695  	-1        	-1        
20836593  	20836695  	-1        	-1        
20836710  	20836695  	-1        	-1        
20837060  	20836695  	-1        	-1        
20837123  	20836695  	-1        	-1        
20959037  	20836695  	-1        	-1        
20961503  	20836695  	-1        	-1        
20966436  	20836695  	-1        	-1        
20966468  	20836695  	-1        	-1        
20966470  	20836695  	-1        	-1        
20966741  	20836695  	-1        	-1        
20966748  	20836695  	-1        	-1        
20975601  	20836695  	-1        	-1        
20975629  	20836695  	20975630  	20975630  
20975630  	20836695  	-1        	-1        
20975636  	20836695  	-1        	-1        
20977525  	20836695  	-1        	-1        
64553446  	64789957  	-1        	-1        
64719454  	64789957  	-1        	-1        
64778306  	64789957  	64789666  	64789666  
64778328  	64789957  	64789666  	64789666  
64778367  	64789957  	64789666  	64789666  
64778653  	64789957  	-1        	-1        
64778681  	64789957  	64780925  	64780925  
64778799  	64789957  	64789666  	64789666  
64780808  	64789957  	64789666  	64789666  
64780815  	64789957  	64789666  	64789666  
64781226  	64789957  	64788865  	64789666  
64781227  	64789957  	64781226  	64789666  
64781581  	64789957  	64789666  	64789666  
64781678  	64789957  	64789666  	64789666  
64781701  	64789957  	64789666  	64789666  
64781704  	64789957  	64789666  	64789666  
64781712  	64789957  	64789666  	64789666  
64781773  	64789957  	64780925  	64780925  
64781774  	64789957  	64789666  	64789666  
64781805  	64789957  	64784093  	64784093  
64781904  	64789957  	64784093  	64784093  
64781907  	64789957  	64789666  	64789666  
64782681  	64789957  	-1        	-1        
64782692  	64789957  	-1        	-1        
64782782  	64789957  	64789666  	64789666  
64782840  	64789957  	64789666  	64789666  
64782842  	64789957  	64789666  	64789666  
64782878  	64789957  	64789666  	64789666  
64782894  	64789957  	64789666  	64789666  
64782937  	64789957  	-1        	-1        
64782939  	64789957  	64788865  	64789666  
64782964  	64789957  	-1        	-1        
64783000  	64789957  	64789666  	64789666  
64783002  	64789957  	64789666  	64789666  
64783238  	64789957  	64789666  	64789666  
64783242  	64789957  	64784093  	64784093  
64783662  	64789957  	64789666  	64789666  
64783770  	64789957  	64789666  	64789666  
64783791  	64789957  	64784093  	64784093  
64783809  	64789957  	64789666  	64789666  
64783810  	64789957  	64789666  	64789666  
64783811  	64789957  	64788865  	64789666  
64783812  	64789957  	64789666  	64789666  
64783813  	64789957  	64789666  	64789666  
64783829  	64789957  	64789666  	64789666  
64783837  	64789957  	64788865  	64789666  
64783888  	64789957  	64789666  	64789666  
64784002  	64789957  	64781805  	64781805  
64784005  	64789957  	64784093  	64784093  
64784010  	64789957  	-1        	-1        
64784012  	64789957  	64784093  	64784093  
64786033  	64789957  	64789666  	64789666  
64786582  	64789957  	-1        	-1        
64786677  	64789957  	-1        	-1        
64786890  	64789957  	64789666  	64789666  
64786996  	64789957  	64789666  	64789666  
64787356  	64789957  	64789666  	64789666  
64787520  	64789957  	64789581  	64789666  
64787740  	64789957  	64789666  	64789666  
64787832  	64789957  	64789666  	64789666  
64787954  	64789957  	64789666  	64789666  
64788043  	64789957  	-1        	-1        
64788303  	64789957  	64789666  	64789666  
64788325  	64789957  	-1        	-1        
64788357  	64789957  	64789666  	64789666  
64788505  	64789957  	-1        	-1        
64788521  	64789957  	64789666  	64789666  
64788542  	64789957  	-1        	-1        
64788837  	64789957  	64789666  	64789666  
64788860  	64789957  	64788865  	64789666  
64788864  	64789957  	64788865  	64789666  
64788865  	64789957  	64789666  	64789666  
64789012  	64789957  	64789666  	64789666  
64789050  	64789957  	-1        	-1        
64789051  	64789957  	-1        	-1        
64789729  	64789957  	-1        	-1        
64789777  	64789957  	-1        	-1        
64789780  	64789957  	64789781  	64789781  
64789781  	64789957  	-1        	-1        
64789782  	64789957  	64789781  	64789781  
64789784  	64789957  	64789781  	64789781  
64789800  	64789957  	-1        	-1        
64789829  	64789957  	-1        	-1        
64789878  	64789957  	-1        	-1        
64789907  	64789957  	-1        	-1        
64789916  	64789957  	-1        	-1        
64789932  	64789957  	-1        	-1        
64789962  	64789957  	-1        	-1        
64870404  	64789957  	64789666  	64789666  
64871366  	64789957  	64789666  	64789666  
64706147  	64831412  	-1        	-1        
64778595  	64831412  	-1        	-1        
64780756  	64831412  	-1        	-1        
64781291  	64831412  	64781292  	64781293  
64781292  	64831412  	64781293  	64781293  
64781293  	64831412  	-1        	-1        
64781295  	64831412  	64781293  	64781293  
64782602  	64831412  	-1        	-1        
64831348  	64831412  	-1        	-1        
64831408  	64831412  	-1        	-1        
64833023  	64831412  	64833024  	64833024  
64833024  	64831412  	-1        	-1        
64835548  	64831412  	-1        	-1        
64835946  	64831412  	-1        	-1        
64836238  	64831412  	-1        	-1        
64836255  	64831412  	-1        	-1        
64838359  	64831412  	-1        	-1        
64840752  	64831412  	-1        	-1        
64841117  	64831412  	-1        	-1        
64870352  	64831412  	-1        	-1        
64870795  	64831412  	-1        	-1        
64870993  	64831412  	-1        	-1        
64871871  	64831412  	-1        	-1        
64871976  	64831412  	-1        	-1        
64871977  	64831412  	-1        	-1        
64872109  	64831412  	-1        	-1        
64872131  	64831412  	-1        	-1        
64873287  	64831412  	64873294  	64873294  
64873294  	64831412  	-1        	-1        
64488342  	64869686  	-1        	-1        
64488346  	64869686  	64488461  	64488461  
64488459  	64869686  	64488461  	64488461  
64488487  	64869686  	64488767  	64488767  
64488553  	64869686  	64488748  	64488767  
64488746  	64869686  	64488748  	64488767  
64488747  	64869686  	64488748  	64488767  
64488748  	64869686  	64488767  	64488767  
64496813  	64869686  	-1        	-1        
64498803  	64869686  	-1        	-1        
64499673  	64869686  	-1        	-1        
64505629  	64869686  	-1        	-1        
64506052  	64869686  	-1        	-1        
64506601  	64869686  	-1        	-1        
64835227  	64869686  	-1        	-1        
64835524  	64869686  	-1        	-1        
64869487  	64869686  	-1        	-1        
64869581  	64869686  	-1        	-1        
64869604  	64869686  	64488767  	64488767  
64869626  	64869686  	64869729  	64869729  
64869724  	64869686  	-1        	-1        
64869729  	64869686  	-1        	-1        
52720928  	52721092  	-1        	-1        
52720946  	52721092  	-1        	-1        
52721015  	52721092  	-1        	-1        
52721021  	52721092  	-1        	-1        
52721031  	52721092  	-1        	-1        
52721050  	52721092  	-1        	-1        
52721076  	52721092  	-1        	-1        
52721079  	52721092  	-1        	-1        
52722628  	52721092  	-1        	-1        
52722634  	52721092  	-1        	-1        
52724068  	52721092  	-1        	-1        
52724539  	52721092  	-1        	-1        
52725145  	52721092  	-1        	-1        
52725159  	52721092  	52725184  	52725184  
52725167  	52721092  	52725168  	52725184  
52725168  	52721092  	52725184  	52725184  
52725184  	52721092  	-1        	-1        
52725187  	52721092  	-1        	-1        
52738860  	52721092  	-1        	-1        
52738863  	52721092  	-1        	-1        
52738864  	52721092  	-1        	-1        
52738867  	52721092  	-1        	-1        
52738874  	52721092  	-1        	-1        
52739232  	52721092  	-1        	-1        
52739235  	52721092  	52739236  	52739236  
52739236  	52721092  	-1        	-1        
52740772  	52721092  	-1        	-1        
52741149  	52721092  	-1        	-1        
52741174  	52721092  	-1        	-1        
52743079  	52721092  	-1        	-1        
52743226  	52721092  	-1        	-1        
52743388  	52721092  	-1        	-1        
52743486  	52721092  	-1        	-1        
52744959  	52721092  	-1        	-1        
52752950  	52721092  	-1        	-1        
26109704  	26111369  	-1        	-1        
26111287  	26111369  	-1        	-1        
26105946  	26112952  	-1        	-1        
26112583  	26112952  	-1        	-1        
26112793  	26112952  	-1        	-1        
26112905  	26112952  	-1        	-1        
26112906  	26112952  	-1        	-1        
26112915  	26112952  	-1        	-1        
26112920  	26112952  	-1        	-1        
26113002  	26112952  	-1        	-1        
26113727  	26112952  	-1        	-1        
26113733  	26112952  	26111625  	26111625  
26113845  	26112952  	-1        	-1        
26113847  	26112952  	-1        	-1        
26113849  	26112952  	-1        	-1        
26113850  	26112952  	-1        	-1        
26113870  	26112952  	-1        	-1        
26222695  	26112952  	-1        	-1        
26222718  	26112952  	-1        	-1        
26222735  	26112952  	-1        	-1        
26225898  	26112952  	-1        	-1        
26225937  	26112952  	-1        	-1        
26225957  	26112952  	-1        	-1        
26152339  	26152588  	26152337  	26152337  
26152365  	26152588  	-1        	-1        
26152487  	26152588  	-1        	-1        
26152543  	26152588  	-1        	-1        
26152556  	26152588  	-1        	-1        
26298821  	26152588  	-1        	-1        
26298829  	26152588  	-1        	-1        
26298963  	26152588  	-1        	-1        
26299114  	26152588  	-1        	-1        
26300620  	26152588  	-1        	-1        